%YAML:1.0
- M20_100:  0.000
- V20:      0.015
- R20:      0.015
- M20:      0.016
- M30:      0.029
- S40_40_G: 0.024
- S40_40_B: 0.024
- F20_20_G: 0.007
- F20_20_B: 0.007
- OPEN:     0.06
