%YAML:1.0
- M20_100:  0.000
- V20:      0.010
- R20:      0.010
- M20:      0.010
- M30:      0.020
- S40_40_G: 0.020
- S40_40_B: 0.020
- F20_20_G: 0.007
- F20_20_B: 0.007
- OPEN:     0.06
- BEARING_BOX: 0.025
- BEARING:  0.010
- AXIS:     0.000
- DISTANCE_TUBE: 0.010
- MOTOR:    0.01
