%YAML:1.0
- M20_100:  0.000
- V20:      0.000
- R20:      0.000
- M20:      0.000
- M30:      0.000
- S40_40_G: 0.000
- S40_40_B: 0.000
- F20_20_G: 0.000
- F20_20_B: 0.000
- OPEN:     0.066
- BEARING_BOX: 0.00
- BEARING:  0.000
- AXIS:     0.000
- DISTANCE_TUBE: 0.000
- MOTOR:    0.00
