com_angle_2: -0.3973839555099192
friction_5: 0.1319954380419638
friction_4: 0.02977426954359781
friction_3: -0.01207324059766273
friction_2: -0.1837880807753797
gravity: 9.81
com_angle_5: -0.306739829100926
com_angle_4: 0.01727799469200491
com_angle_3: -0.02438311333009012
com_radius_5: 0.192142778028998
com_radius_4: 0.0428540396667881
com_radius_3: 0.06998275437458155
com_radius_2: 0.06756772720655786
mass_5: 0.261141786798111
mass_3: 0.7051345237276332
mass_2: 0.7671349903407417
mass_4: 0.9914600854331251

buffer_size: 20

#params_SN61662_langeBacken_realsense
