mass_3: 0.8187686153796557
com_radius_3: 0.1048907766341699
friction_4: 0.01896065094406653
gravity: 9.81
com_angle_3: 0.07142979296199174
com_radius_2: 0.07229507824657196
com_angle_45: -0.1345570744406738
friction_2: -0.103147725718198
com_radius_45: 0.1429030949856626
com_angle_2: 0.1553967100228231
friction_3: 0.1916747869297107
mass_45: 1.029386052966647
mass_2: 1.214917227253115
