gravity: 9.81
com_radius_2: 0.06402917528867183
com_radius_3: 0.08795328939031184
com_radius_4: 0.04833327364289946
com_radius_5: 0.2189300979881188
com_angle_2: 0.2964549495469563
com_angle_3: 0.1307947824954063
com_angle_4: 0.002036069407585526
com_angle_5: -0.1850041679383009
mass_2: 0.6704054434195545
mass_3: 0.7065456362157415
mass_4: 0.9736744251972129
mass_5: 0.4127435232645671
friction_2: 0.0645933093552246
friction_3: -0.04209267737562461
friction_4: 0.03939221159704069
friction_5: 0.313249255481345

buffer_size: 20
