com_angle_3: -0.1280881538281183
com_angle_2: -0.7286819627893569
friction_4: 0.07174491720494634
friction_5: -0.01024201823360095
mass_5: 0.2921031728549119
mass_2: 0.9190235668671577
com_radius_3: 0.07423828524318267
mass_3: 0.7554118022306129
com_radius_5: 0.1893371089224621
com_radius_2: 0.07186976456473579
mass_4: 1.004874712142664
friction_3: 0.1214631496876499
friction_2: -0.07589961710280224
gravity: 9.81
com_radius_4: 0.04182431415631299
com_angle_5: -0.2602172247451799
com_angle_4: 0.08472320604447957