com_radius_5: 0.1848722072115334
com_radius_4: 0.04349046178934309
mass_3: 0.6402094079589996
com_angle_4: 0.03126785661869229
com_angle_3: 0.3291370820904697
com_angle_2: -0.7261184521694516
friction_4: -0.02079988816445721
friction_5: -0.3025439162827024
mass_5: 0.2604515335739745
mass_4: 1.013088179615934
com_radius_3: 0.07782475778862405
friction_3: 0.6232101896220316
friction_2: -0.3841435113267507
gravity: 9.81
mass_2: 0.5061175324621607
com_radius_2: 0.1107541378437672
com_angle_5: -0.001609490400163811