com_radius_4: 0.05030085881724735
mass_4: 1.112492713042766
mass_5: 0.1774605493606686
mass_3: 0.7134343350085298
com_angle_4: -0.04694960056271424
com_angle_3: 0.1311235972680525
com_angle_2: -0.3836846378640352
friction_4: -0.03761036064943254
friction_5: 0.04623586522511804
com_radius_2: 0.06720167125122253
mass_2: 0.9745686312273845
com_radius_3: 0.07639865110797063
com_radius_5: 0.1901523375068359
friction_3: 0.565914207060624
friction_2: -0.2151538446280565
gravity: 9.81
com_angle_5: 0.04762885982013693