mass_5: 0.2745684971317873
com_radius_2: 0.0683379732981847
com_angle_5: -0.2136066827012243
com_angle_3: -0.1112556137044906
com_angle_4: 0.08563929744582867
mass_3: 0.7916426063774126
mass_2: 1.263859774140483
mass_4: 0.9010189844190586
com_angle_2: -0.3875535118872899
friction_5: 0.002684794618589189
friction_4: 0.05842412873243958
friction_3: 0.1515202158602166
friction_2: -0.0656777643074226
gravity: 9.81
com_radius_5: 0.1832162212552599
com_radius_4: 0.04961311101106491
com_radius_3: 0.1000026991762775