com_angle_4: 0.08811596554003441
com_angle_3: -0.09483492103632096
com_angle_2: -0.6929200260512591
friction_4: 0.0667435956771929
friction_5: 0.1958722278376049
mass_5: 0.2997671871443149
mass_4: 0.9364029175976916
com_radius_5: 0.1927955144172711
com_radius_3: 0.0774652574065199
mass_2: 0.9203325689164943
mass_3: 0.8178533991294813
com_radius_4: 0.04159906379265249
friction_3: 0.1030381003367344
friction_2: -0.09803816730628749
gravity: 9.81
com_radius_2: 0.06931291353136777
com_angle_5: -0.2221996109953525